======================================================================
V79 演进行序完整解盘推演 - 16行全量分析
======================================================================

[1] 加载初始盘92锚点...
[2] 加载所有16行符闔排列...
  加载 A行 (A第一行符闔排列.xlsx)... 8,731
  加载 B行 (B第二行符闔排列.xlsx)... 902
  加载 C行 (C第三行符闔排列.xlsx)... 407,669
  加载 D行 (D第四行符闔排列.xlsx)... 1,980
  加载 E行 (E第五行符闔排列.xlsx)... 633,271
  加载 F行 (F第六行符闔排列.xlsx)... 359
  加载 G行 (G第七行符闔排列.xlsx)... 2,356
  加载 H行 (H第八行符闔排列.xlsx)... 4,782
  加载 I行 (I第九行符闔排列.xlsx)... 164
  加载 J行 (J第十行符闔排列.xlsx)... 28,984
  加载 K行 (K第十一行符闔排列.xlsx)... 2,972
  加载 L行 (L第十二行符闔排列.xlsx)... 620
  加载 M行 (M第十三行符闔排列.xlsx)... 484
  加载 N行 (N第十四行符闔排列.xlsx)... 10,668
  加载 O行 (O第十五行符闔排列.xlsx)... 5,990
  加载 P行 (P第十六行符闔排列.xlsx)... 1,809

排列统计 (总计 1,111,741):
  A行:      8,731 
  B行:        902 
  C行:    407,669  ★大量
  D行:      1,980 
  E行:    633,271  ★大量
  F行:        359 
  G行:      2,356 
  H行:      4,782 
  I行:        164  ★最少
  J行:     28,984 
  K行:      2,972 
  L行:        620 
  M行:        484 
  N行:     10,668 
  O行:      5,990 
  P行:      1,809 

[3] 已演进: 3行 ['C', 'E', 'I']
    待演进: 13行 ['A', 'B', 'D', 'F', 'G', 'H', 'J', 'K', 'L', 'M', 'N', 'O', 'P']

[1/16] 推演 +A 演进盘...                                                  
  目标排列: [2, 6, 3, 1, 11, 12, 13, 5, 10, 7, 9, 14, 15, 16, 4, 8]
  该行排列数: 8,731
  状态: OPTIMAL
  耗时: 0.211
  锚点: 102
  新增: 10
  匹配: True
  唯一: False
  解盘预览:
    ★行A:   2   6   3   1  11  12  13   5  10   7   9  14  15  16   4   8
     行B:  16  12  11   8   3  10   9  14   6  15   5   4   2   7   1  13
     行C:   5   7  14  15   4   2  16   8   1  12   3  13  11   9   6  10
     行D:   9   4  10  13   7  15   1   6  16   2   8  11   3  12  14   5
     行E:  11   2   1   9  13   7   6  16   3   5  15  12   4  10   8  14
     行F:   7   8   5  16  15  14   4   3  11   9  10   1   6  13   2  12
     行G:  14  10   4   6   8   1  12  11   2  13   7  16   5   3  15   9
     行H:  12  13  15   3   2   5  10   9   4   8  14   6   7   1  16  11
     行I:  13   9  16   2   6  11   8  12  14   4   1   7  10  15   5   3
     行J:  10   5  12  14   1   9   3  13  15  11  16   2   8   4   7   6
     行K:   1  11   6   7   5   4  15   2   8   3  13  10   9  14  12  16
     行L:   3  15   8   4  10  16  14   7   9   6  12   5  13   2  11   1
     行M:  15  14  13  11  12   8   2  10   5   1   4   3  16   6   9   7
     行N:   4  16   9   5  14   6   7   1  13  10  11  15  12   8   3   2
     行O:   6   1   7  10   9   3  11  15  12  16   2   8  14   5  13   4
     行P:   8   3   2  12  16  13   5   4   7  14   6   9   1  11  10  15

[2/16] 推演 +B 演进盘...                                                  
  目标排列: [16, 12, 11, 8, 3, 10, 9, 14, 6, 15, 5, 4, 2, 7, 1, 13]
  该行排列数: 902
  状态: OPTIMAL
  耗时: 0.153
  锚点: 100
  新增: 8
  匹配: True
  唯一: False
  解盘预览:
     行A:   9   2   3  15   4  12  13   5   1  10   7  14   6  16  11   8
    ★行B:  16  12  11   8   3  10   9  14   6  15   5   4   2   7   1  13
     行C:   7   6  14   1  16   2  11   8   3  12  13   9  10   4  15   5
     行D:   5   4  10  13   7  15   1   6  16   2   8  11   3  12   9  14
     行E:  11  15   1   9  13  14   6  16   7   5   3  12   4   2   8  10
     行F:   2   8   5  16  15   7   4   3  10   9  11   1  14  13   6  12
     行G:  14  10   4   6   8   1  12  11   2  16  15  13   7   3   5   9
     行H:   3  13   7  12   2   5  10   9   4   8  14   6  15   1  16  11
     行I:  13   9  16   2  10  11   8  12  14   6   1   7   5  15   4   3
     行J:  10   5  12  11   1   9   3   4  15  13  16   2   8  14   7   6
     行K:   1  14   6   7   5  13  15   2   8   3   4  10   9  11  12  16
     行L:   8   3  15   4   6  16  14   7   9  11  12   5  13  10   2   1
     行M:  15  11   8  14  12   4   2  10   5   1   9   3  16   6  13   7
     行N:  12  16   9   5  14   6   7   1  13   4  10  15  11   8   3   2
     行O:   6   1  13  10   9   3  16  15  11   7   2   8  12   5  14   4
     行P:   4   7   2   3  11   8   5  13  12  14   6  16   1   9  10  15

[3/16] C行 - 已演进(V74) 跳过...
[4/16] 推演 +D 演进盘...                                                  
  目标排列: [9, 4, 5, 13, 7, 15, 1, 6, 16, 2, 8, 11, 3, 12, 14, 10]
  该行排列数: 1,980
  状态: OPTIMAL
  耗时: 0.139
  锚点: 102
  新增: 10
  匹配: True
  唯一: False
  解盘预览:
     行A:   7   2   3  15   4  12  11   5   1  10  13  14   6  16   9   8
     行B:  11  12   8  16   3  10   9  14   6  15   5   4   2   7   1  13
     行C:  10   6  14   1  16   2  13   8  12   7   3   9  11   4  15   5
    ★行D:   9   4   5  13   7  15   1   6  16   2   8  11   3  12  14  10
     行E:  16  15  12   9  13   7   6  11   3   5  10   1   4   2   8  14
     行F:   2   8   1   5  15  14   4   3  11   9   7  16  10  13   6  12
     行G:  14  11   4   6  10   1  12  16   2   8  15  13   7   3   5   9
     行H:   3  13   7  10   2   5   8   9   4  12  14   6  15   1  16  11
     行I:  13   9  16   2   8  11  10  12  14   6   1   7   5  15   4   3
     行J:  12   5  10  14   1   9   3   4  15  13  16   2   8  11   7   6
     行K:   1   7   6  11   5  13  15   2   8   3   4  10   9  14  12  16
     行L:   8   3  15   4   6  16  14   7   9  11  12   5  13  10   2   1
     行M:  15  14  13   8  12   4   2  10   5   1   9   3  16   6  11   7
     行N:   5  10   9   7  14   6  16   1  13   4  11  15  12   8   3   2
     行O:   6   1  11  12   9   3   7  15  10  16   2   8  14   5  13   4
     行P:   4  16   2   3  11   8   5  13   7  14   6  12   1   9  10  15

[5/16] E行 - 已演进(V75) 跳过...
[6/16] 推演 +F 演进盘...                                                  
  目标排列: [5, 8, 7, 10, 15, 14, 4, 3, 1, 9, 11, 16, 6, 13, 2, 12]
  该行排列数: 359
  状态: OPTIMAL
  耗时: 0.146
  锚点: 101
  新增: 9
  匹配: True
  唯一: False
  解盘预览:
     行A:   2   6   3   1   4  12  13   5   7  10   9  14  11  16  15   8
     行B:   8  12  11   7   3  15   9  14   6  16   5   4   2  10   1  13
     行C:  10  16  14  15  11   2   6   8   3  12  13   1   7   9   4   5
     行D:   9   4   5  13   7  10   1  16   8   2  15  11   3  12   6  14
     行E:  16   2  15   9  13   8   7   6  10   5   3  12   4   1  14  11
    ★行F:   5   8   7  10  15  14   4   3   1   9  11  16   6  13   2  12
     行G:  14  11   4   6  16   1  12  10   2  15   7  13   5   3   8   9
     行H:  12  13   1   3   2   5  11   9   4   8  14   6  15   7  16  10
     行I:  13   9  16   2   6  11   8  12  14   4   1   7  10  15   5   3
     行J:  11   5  10  12   1   9   3   4  15  13  16   2   8  14   7   6
     行K:   1   7   6  14   5  13  15   2  11   3   8  10   9   4  12  16
     行L:   3  15   8   4  10  16  14   7   9   6  12   5  13   2  11   1
     行M:  15  14  13   8  12   4   2  11   5   1  10   3  16   6   9   7
     行N:   7  10   9   5  14   6  16   1  13  11   4  15  12   8   3   2
     行O:   6   1  12  11   9   3  10  15  16   7   2   8  14   5  13   4
     行P:   4   3   2  16   8   7   5  13  12  14   6   9   1  11  10  15

[7/16] 推演 +G 演进盘...                                                  
  目标排列: [14, 16, 4, 6, 8, 1, 12, 11, 2, 10, 7, 13, 5, 3, 15, 9]
  该行排列数: 2,356
  状态: OPTIMAL
  耗时: 0.151
  锚点: 102
  新增: 10
  匹配: True
  唯一: False
  解盘预览:
     行A:   9   2   3  10   4  12  11   5   1   7  13  14  15  16   6   8
     行B:   8  12  11  15   3  10   9  14   6  16   5   4   2   7   1  13
     行C:   7   6  14   1  16   2  13   8  12  15   3   9  11  10   4   5
     行D:  16   4   5  13   7  15   1   6   8   2  10  11   3  12   9  14
     行E:  11   7   1   9  13  14   6  16   3   5  15  12   4   8   2  10
     行F:   2   8  10   5  15   7   4   3  16   9  11   1   6  13  14  12
    ★行G:  14  16   4   6   8   1  12  11   2  10   7  13   5   3  15   9
     行H:  12  13  15   3   2   5  10   9   4   8  14   6   7   1  16  11
     行I:  13   9  16   2   6  11   8  12  14   4   1   7  10  15   5   3
     行J:  10   5  12  11   1   9   3   4  15  13  16   2   8  14   7   6
     行K:   1  14   6   7   5  13  15   2  11   3   8  10   9   4  12  16
     行L:   3  15   8   4  10  16  14   7   9   6  12   5  13   2  11   1
     行M:  15  11  13  16  12   4   2  10   5   1   9   3  14   6   8   7
     行N:   5  10   9   8  14   6   7   1  13  12   4  15  16  11   3   2
     行O:   6   1   7  14   9   3  16  15  10  11   2   8  12   5  13   4
     行P:   4   3   2  12  11   8   5  13   7  14   6  16   1   9  10  15

[8/16] 推演 +H 演进盘...                                                  
  目标排列: [12, 13, 15, 3, 2, 5, 10, 9, 4, 8, 14, 6, 7, 1, 16, 11]
  该行排列数: 4,782
  状态: OPTIMAL
  耗时: 0.152
  锚点: 102
  新增: 10
  匹配: True
  唯一: False
  解盘预览:
     行A:   9   2   3   1   4  12  11   5   7  10  13  14   6  16  15   8
     行B:   8  12   7  10   3  15   9  14   6  16   5   4   2  11   1  13
     行C:   6  15  14  11  16   2  13   8   3  12   1   9   5   7   4  10
     行D:  16   4   5  13   7  10   1   6   8   2  15  11   3  12  14   9
     行E:   7  16   1   9  13  14   6  11  15   5   3  12   4  10   8   2
     行F:   2   8  10   5  15   7   4   3  16   9  11   1  14  13   6  12
     行G:  14  11   4   6   8   1  12  16   2   7  10  13  15   3   9   5
    ★行H:  12  13  15   3   2   5  10   9   4   8  14   6   7   1  16  11
     行I:  13   9  16   2   1  11   8  12  14   4   6   7  10  15   5   3
     行J:  11   5  12  15  10   9   3   4   1  13  16   2   8  14   7   6
     行K:   1   7   6  14   5  13  15   2  11   3   8  10   9   4  12  16
     行L:  10   3   8   4   6  16  14   7   9  15  12   5  11   2  13   1
     行M:  15  14  11   8  12   4  16  10   5   1   9   3  13   6   2   7
     行N:   5  10   9  12  14   6   2   1  13  11   7  15  16   8   3   4
     行O:   4   1  13  16   9   3   7  15  10   6   2   8  12   5  11  14
     行P:   3   6   2   7  11   8   5  13  12  14   4  16   1   9  10  15

[9/16] I行 - 已演进(V76) 跳过...
[10/16] 推演 +J 演进盘...                                                  
  目标排列: [10, 5, 12, 14, 1, 9, 3, 13, 15, 11, 16, 2, 8, 4, 7, 6]
  该行排列数: 28,984
  状态: OPTIMAL
  耗时: 0.151
  锚点: 104
  新增: 12
  匹配: True
  唯一: False
  解盘预览:
     行A:   9   2   3  15  11  12  10   5   1  13   7  14   6  16   4   8
     行B:   8  12   7  10   3  14   9  16   6  15   5   4   2  11   1  13
     行C:  11   6  14   1   4   2  13   8  12  16   3   9   7  10  15   5
     行D:  16   4   5  13   7  15   1   6  10   2   8  11   3  12   9  14
     行E:   7  16  15   9  13   8   6  14   3   5  10  12   4   1  11   2
     行F:   2   8  10   5  15   7   4   3  16   9  11   1  14  13   6  12
     行G:  14  11   4   6  16   1  12  10   2   7  15  13   5   3   8   9
     行H:  12  13   1   3   2   5  11   9   4   8  14   6  15   7  16  10
     行I:  13   9  16   2   6  11   8  12  14   4   1   7  10  15   5   3
    ★行J:  10   5  12  14   1   9   3  13  15  11  16   2   8   4   7   6
     行K:   1   7   6  11   5   4  15   2   8   3  13  10   9  14  12  16
     行L:   3  15   8   4  10  16  14   7   9   6  12   5  11   2  13   1
     行M:  15  14  11   8  12  10  16   4   5   1   9   3  13   6   2   7
     行N:   5  10   9   7  14   6   2   1  13  12   4  15  16   8   3  11
     行O:   6   1  13  16   9   3   7  15  11  10   2   8  12   5  14   4
     行P:   4   3   2  12   8  13   5  11   7  14   6  16   1   9  10  15

[11/16] 推演 +K 演进盘...                                                  
  目标排列: [1, 11, 6, 7, 5, 4, 15, 2, 8, 3, 13, 10, 9, 14, 12, 16]
  该行排列数: 2,972
  状态: OPTIMAL
  耗时: 0.159
  锚点: 102
  新增: 10
  匹配: True
  唯一: False
  解盘预览:
     行A:   9   2   3   1   4  12  11   5  15  13  10  14   7  16   6   8
     行B:   8  12   7  15   3  14   9  10   6  16   5   4   2  11   1  13
     行C:  11   6  14   5  16   2  13   8   7  12   1   9   3  10  15   4
     行D:  16   4  10  13   7  15   1   6   3   2   8  11  14  12   9   5
     行E:   7  15  11   9  13   8   6  14  12   5   3  16   4   1   2  10
     行F:   2   8   5  16  15   7   4   3  10   9  11   1   6  13  14  12
     行G:  14  10   4   6  11   1  12  16   2   7  15  13   5   3   8   9
     行H:   3  13   1  12   2   5  10   9   4   8  14   6  15   7  16  11
     行I:  13   9  16   2   1  11   8  12  14   4   6   7  10  15   5   3
     行J:  12   5  15  14  10   9   3  13   1  11  16   2   8   4   7   6
    ★行K:   1  11   6   7   5   4  15   2   8   3  13  10   9  14  12  16
     行L:  10   3   8   4   6  16  14   7   9  15  12   5  13   2  11   1
     行M:  15  14  13   8  12  10   2  11   5   1   9   3  16   6   4   7
     行N:   5   7   9  11  14   6  16   1  13  10   4  15  12   8   3   2
     行O:   4   1  12  10   9   3   7  15  16   6   2   8  11   5  13  14
     行P:   6  16   2   3   8  13   5   4  11  14   7  12   1   9  10  15

[12/16] 推演 +L 演进盘...                                                  
  目标排列: [3, 15, 8, 4, 10, 16, 14, 7, 9, 6, 12, 5, 13, 2, 11, 1]
  该行排列数: 620
  状态: OPTIMAL
  耗时: 0.149
  锚点: 102
  新增: 10
  匹配: True
  唯一: False
  解盘预览:
     行A:   9   2   3   1   4  12  10   5  15   7  13  14  11  16   6   8
     行B:  11  12  15  10   3  14   9  16   6   8   5   4   2   7   1  13
     行C:   7   6  14  16  11   2  13   8   1  12   3   9  10   4  15   5
     行D:   8   4   5  13   7  15   1   6  16   2  10  11   3  12   9  14
     行E:  16   3   7   9  13   8   6  14  12   5  15  10   4   1   2  11
     行F:   2   8  10   5  15   1   4   3  11   9   7  16   6  13  14  12
     行G:  14  11   4   6  16   7  12  10   2  13   8   1  15   3   5   9
     行H:  12  13   1  15   2   5  11   9   3   4  14   6   7   8  16  10
     行I:  13   9  16   2   6  11   8  12  14  10   1   7   5  15   4   3
     行J:  10   5  11  12   1   9   3  13   4  15  16   2   8  14   7   6
     行K:   1   7   6  14   5   4  15   2   8   3  11  13   9  10  12  16
    ★行L:   3  15   8   4  10  16  14   7   9   6  12   5  13   2  11   1
     行M:  15  14  13  11  12  10   2   4   5   1   9   3  16   6   8   7
     行N:   5  10   9   8  14   6   7   1  13  16   4  15  12  11   3   2
     行O:   6   1  12   7   9   3  16  15  10  11   2   8  14   5  13   4
     行P:   4  16   2   3   8  13   5  11   7  14   6  12   1   9  10  15

[13/16] 推演 +M 演进盘...                                                  
  目标排列: [15, 14, 13, 8, 12, 10, 2, 16, 5, 1, 4, 3, 11, 6, 9, 7]
  该行排列数: 484
  状态: OPTIMAL
  耗时: 0.15
  锚点: 101
  新增: 9
  匹配: True
  唯一: False
  解盘预览:
     行A:  11   2   3   1   4  12  13   5  10  15   9  14   7  16   6   8
     行B:   8  12  10   7   3  15   9  11   6  16   5   4   2  14   1  13
     行C:   5   6  14  15  10   2  16   8   7  12  13   1   3   9   4  11
     行D:   9   4  16  13   7  14   1   6   8   2   3  11  10  12  15   5
     行E:  16  10   1   9  13   8   6  14   3   5  15  12   4   7  11   2
     行F:   2   8   5  11  15   7   4   3   1   9  10  16   6  13  14  12
     行G:  14  15   4   6  16   1  12  10   2   7  11  13   5   3   8   9
     行H:   3  13   7  12   2   5  11   9   4   8  14   6  15   1  16  10
     行I:  13   9   8   2   6  11  10  12  14   4   1   7  16  15   5   3
     行J:  12   5  11  14   1   9   3   4  15  13  16   2   8  10   7   6
     行K:   1   7   6  16   5  13  15   2  11   3   8  10   9   4  12  14
     行L:  10   3  15   4   8  16  14   7   9   6  12   5  13  11   2   1
    ★行M:  15  14  13   8  12  10   2  16   5   1   4   3  11   6   9   7
     行N:   4  11   9   5  14   6   8   1  13  10   7  15  12   2   3  16
     行O:   6   1  12  10   9   3   7  15  16  11   2   8  14   5  13   4
     行P:   7  16   2   3  11   4   5  13  12  14   6   9   1   8  10  15

[14/16] 推演 +N 演进盘...                                                  
  目标排列: [4, 7, 9, 5, 14, 6, 8, 1, 13, 10, 11, 15, 12, 2, 3, 16]
  该行排列数: 10,668
  状态: OPTIMAL
  耗时: 0.133
  锚点: 103
  新增: 11
  匹配: True
  唯一: False
  解盘预览:
     行A:  11   2   3  15   4  12  13   5   1   7   9  14  10  16   6   8
     行B:   8  12   7  10   3  15   9  11   6  16   5   4   2  14   1  13
     行C:   5   6  14   1  10   2  16   8   3  13  15  12   7   9   4  11
     行D:   9   4  16  13   7  14   1   6  10   2   8  11   3  12  15   5
     行E:   7  10  15   9  13   8   6  14  12   5   3  16   4   1  11   2
     行F:   2   8   5  16  15   7   4   3  11   9  10   1   6  13  14  12
     行G:  14  11   4   6  16   1  12  10   2  15   7  13   5   3   8   9
     行H:  12  13   1   3   2   5  11   9   4   8  14   6  15   7  16  10
     行I:  13   9   8   2   6  11  10  12  14   4   1   7  16  15   5   3
     行J:  10   5  12  14   1   9   3  13  15  11  16   2   8   4   7   6
     行K:   1  16   6   7   5   4  15   2   8   3  13  10   9  11  12  14
     行L:   3  15  11   4   8  16  14   7   9   6  12   5  13  10   2   1
     行M:  15  14  13   8  12  10   2  16   5   1   4   3  11   6   9   7
    ★行N:   4   7   9   5  14   6   8   1  13  10  11  15  12   2   3  16
     行O:   6   1  10  11   9   3   7  15  16  12   2   8  14   5  13   4
     行P:  16   3   2  12  11  13   5   4   7  14   6   9   1   8  10  15

[15/16] 推演 +O 演进盘...                                                  
  目标排列: [6, 1, 10, 11, 9, 3, 7, 15, 16, 12, 2, 8, 14, 5, 13, 4]
  该行排列数: 5,990
  状态: OPTIMAL
  耗时: 0.134
  锚点: 102
  新增: 10
  匹配: True
  唯一: False
  解盘预览:
     行A:   7   2   3   9   6  12  11   5   1  13  15  14  10  16   4   8
     行B:  16  12  11  15   3  10   9  14   6   8   5   4   2   7   1  13
     行C:  10   6  14   1   4   2  13   8  12   7   3  16  15   9  11   5
     行D:   8   4   5  13   7  15   1  16  10   2   9  11   3  12   6  14
     行E:   9  11   7  10  13  14  16   6   3   5   8  12   4   1  15   2
     行F:   2   8  16   5  15   1   4   3  11   9   7  10   6  13  14  12
     行G:  14  15   4   6  11   7  12  10   2  16  13   1   5   3   8   9
     行H:  12  13   1   3   2   5   8   9   4  15  14   6   7  10  16  11
     行I:  13   9   8   2  10  11   6  12  14   4   1   7  16  15   5   3
     行J:  11   5  12  14   1   9   3  13  15  10  16   2   8   4   7   6
     行K:   1  16   6   7   5   4  15   2   8   3  11  13   9  14  12  10
     行L:   3  10  15   4   8  16  14   7   9   6  12   5  13  11   2   1
     行M:  15  14  13  16  12   8   2   4   5   1  10   3  11   6   9   7
     行N:   5   7   9   8  14   6  10   1  13  11   4  15  12   2   3  16
    ★行O:   6   1  10  11   9   3   7  15  16  12   2   8  14   5  13   4
     行P:   4   3   2  12  16  13   5  11   7  14   6   9   1   8  10  15

[16/16] 推演 +P 演进盘...                                                  
  目标排列: [8, 3, 2, 12, 11, 13, 5, 4, 7, 14, 6, 9, 1, 8, 10, 15]
  该行排列数: 1,809
  状态: ERROR
  耗时: N/A
  锚点: N/A
  新增: N/A
  匹配: False
  唯一: N/A

======================================================================
演进行序汇总
======================================================================
行    版本           状态         锚点     耗时       匹配     唯一     排列数         
----------------------------------------------------------------------
Traceback (most recent call last):
  File "D:\2026\WPF_Sudoku\Sudoku_256\V79_evolution_final.py", line 442, in <module>
    main()
    ~~~~^^
  File "D:\2026\WPF_Sudoku\Sudoku_256\V79_evolution_final.py", line 329, in main
    print(f'{row:<4} {ver:<12} {r.get("status","N/A"):<10} '
    ~~~~~^^^^^^^^^^^^^^^^^^^^^^^^^^^^^^^^^^^^^^^^^^^^^^^^^^^
          f'{r.get("total_anchors","N/A"):<6} {elapsed_str:<8} '
          ^^^^^^^^^^^^^^^^^^^^^^^^^^^^^^^^^^^^^^^^^^^^^^^^^^^^^^
          f'{match_str:<6} {unique_str:<6} {perm_str:<12}')
          ^^^^^^^^^^^^^^^^^^^^^^^^^^^^^^^^^^^^^^^^^^^^^^^^^
UnicodeEncodeError: 'gbk' codec can't encode character '\u2713' in position 45: illegal multibyte sequence
